http://weibo.cn/u/2564164451?page=1
条数	赞	转发
1	0	0
2	0	0
3	0	0
4	0	0
5	0	0
6	0	0
7	1	0
8	0	1
9	2	0
10	0	0
http://weibo.cn/u/2564164451?page=2
条数	赞	转发
11	1	0
12	0	0
13	2	0
14	3	0
15	1	0
16	1	0
17	2	0
http://weibo.cn/u/2564164451?page=3
条数	赞	转发
18	1	0
19	0	0
20	3	0
21	0	0
22	0	0
23	1	1
http://weibo.cn/u/2564164451?page=4
条数	赞	转发
24	1	0
25	0	0
26	0	0
27	0	0
28	0	0
29	0	0
30	0	0
31	0	0
32	0	0
http://weibo.cn/u/2564164451?page=5
条数	赞	转发
33	0	0
34	0	0
35	2	0
36	1	1
37	1	0
38	1	0
39	1	0
http://weibo.cn/u/2564164451?page=6
条数	赞	转发
40	0	0
41	0	0
42	0	0
43	2	1
44	1	0
45	0	0
46	0	0
47	0	0
http://weibo.cn/u/2564164451?page=7
条数	赞	转发
48	1	0
49	1	0
50	0	0
51	1	0
52	1	0
53	0	0
54	2	0
55	1	0
http://weibo.cn/u/2564164451?page=8
条数	赞	转发
56	2	0
57	0	0
58	1	0
59	0	0
60	0	0
61	0	0
62	3	0
63	0	0
64	3	0
65	6	0
http://weibo.cn/u/2564164451?page=9
条数	赞	转发
66	0	0
67	0	0
68	0	0
69	0	0
70	2	0
71	0	0
72	0	0
73	0	0
74	1	0
http://weibo.cn/u/2564164451?page=10
条数	赞	转发
75	7	0
76	4	0
77	2	0
78	4	0
79	3	0
80	0	0
81	0	0
82	1	0
83	1	0
http://weibo.cn/u/2564164451?page=11
条数	赞	转发
84	1	0
85	0	0
86	0	0
87	1	0
88	0	0
89	1	0
90	0	0
91	2	0
92	1	0
93	0	0
http://weibo.cn/u/2564164451?page=12
条数	赞	转发
94	1	0
95	2	0
96	0	0
97	2	0
98	0	0
99	0	0
100	0	0
101	0	0
102	4	0
http://weibo.cn/u/2564164451?page=13
条数	赞	转发
103	0	0
104	3	0
105	1	0
106	1	0
107	6	0
108	0	0
109	0	0
110	0	0
111	0	0
112	0	0
http://weibo.cn/u/2564164451?page=14
条数	赞	转发
113	5	0
114	2	0
115	4	0
116	1	0
117	1	0
118	1	0
119	3	0
120	0	1
121	0	0
122	1	0
http://weibo.cn/u/2564164451?page=15
条数	赞	转发
123	4	0
124	0	0
125	0	0
126	1	0
127	0	0
128	0	1
129	1	0
130	1	0
http://weibo.cn/u/2564164451?page=16
条数	赞	转发
131	0	4
132	0	0
133	0	0
134	0	0
135	0	0
136	0	0
137	3	0
138	10	0
139	2	0
http://weibo.cn/u/2564164451?page=17
条数	赞	转发
140	0	0
141	0	0
142	0	0
143	0	0
144	0	0
145	0	1
146	3	0
http://weibo.cn/u/2564164451?page=18
条数	赞	转发
147	0	0
148	0	0
149	0	0
150	0	0
151	0	0
152	0	0
153	6	0
154	3	0
http://weibo.cn/u/2564164451?page=19
条数	赞	转发
155	0	0
156	1	1
157	1	0
158	0	0
159	0	0
160	0	0
161	0	0
162	0	0
163	0	0
164	0	0
http://weibo.cn/u/2564164451?page=20
条数	赞	转发
165	4	0
166	0	0
167	0	0
168	2	0
169	0	0
170	2	0
171	2	0
172	0	0
http://weibo.cn/u/2564164451?page=21
条数	赞	转发
173	0	0
174	0	0
175	3	0
176	2	0
177	1	0
178	2	0
179	0	0
http://weibo.cn/u/2564164451?page=22
条数	赞	转发
180	0	2
181	0	0
182	0	0
183	0	0
184	2	0
185	0	0
186	6	0
