http://weibo.cn/u/5160610196?page=1
条数	赞	转发
1	5	0
2	1	0
3	0	0
4	0	0
5	0	0
6	0	0
7	2	0
8	1	0
http://weibo.cn/u/5160610196?page=2
条数	赞	转发
9	0	0
10	0	0
11	0	0
12	1	0
13	0	0
14	0	0
15	0	0
16	0	0
17	1	0
http://weibo.cn/u/5160610196?page=3
条数	赞	转发
18	0	0
19	0	0
20	0	0
21	0	0
22	0	0
23	0	0
24	0	0
25	0	0
http://weibo.cn/u/5160610196?page=4
条数	赞	转发
26	0	0
27	0	0
28	0	0
29	0	0
30	0	0
31	0	0
32	0	0
33	0	0
34	0	0
http://weibo.cn/u/5160610196?page=5
条数	赞	转发
35	0	0
36	0	0
37	5	0
38	0	0
39	0	0
40	1	0
41	1	0
42	0	0
http://weibo.cn/u/5160610196?page=6
条数	赞	转发
43	0	0
44	0	0
45	0	0
46	0	0
47	0	0
48	0	0
49	0	0
50	0	0
http://weibo.cn/u/5160610196?page=7
条数	赞	转发
51	0	0
52	0	0
53	1	0
54	0	0
55	0	0
56	0	0
57	0	0
58	3	0
59	0	0
http://weibo.cn/u/5160610196?page=8
条数	赞	转发
60	1	0
61	0	0
62	1	0
63	0	0
64	1	0
65	0	0
66	0	0
67	2	0
68	0	0
http://weibo.cn/u/5160610196?page=9
条数	赞	转发
69	0	0
70	0	0
71	1	0
72	0	0
73	0	0
74	0	0
75	2	0
76	0	0
77	0	0
http://weibo.cn/u/5160610196?page=10
条数	赞	转发
78	0	0
79	0	0
80	0	0
81	1	0
82	1	7
83	0	0
84	0	0
85	1	0
86	1	0
http://weibo.cn/u/5160610196?page=11
条数	赞	转发
87	0	0
88	0	0
89	1	1
90	0	0
91	0	0
92	0	0
93	2	0
94	0	0
95	6	0
http://weibo.cn/u/5160610196?page=12
条数	赞	转发
96	0	0
97	0	0
98	0	3
99	0	0
100	1	0
101	0	0
102	0	0
103	0	0
104	0	0
http://weibo.cn/u/5160610196?page=13
条数	赞	转发
105	0	0
106	0	0
107	0	0
108	0	0
109	1	0
110	2	0
111	2	0
112	0	0
113	0	0
http://weibo.cn/u/5160610196?page=14
条数	赞	转发
114	0	0
115	1	0
116	0	0
117	0	0
118	0	0
119	0	0
120	0	0
121	0	0
122	1	0
123	0	0
http://weibo.cn/u/5160610196?page=15
条数	赞	转发
124	0	0
125	3	1
126	0	0
127	0	0
128	0	0
129	0	0
130	2	0
131	0	0
132	0	1
133	0	0
http://weibo.cn/u/5160610196?page=16
条数	赞	转发
134	0	0
135	0	0
136	1	0
137	0	0
138	1	0
139	0	1
140	1	0
141	0	0
142	0	0
143	0	0
http://weibo.cn/u/5160610196?page=17
条数	赞	转发
144	2	0
145	2	0
146	0	0
147	0	0
148	0	0
149	0	0
150	2	0
151	2	0
http://weibo.cn/u/5160610196?page=18
条数	赞	转发
152	0	0
153	0	0
154	0	0
155	0	0
156	1	0
157	0	0
158	0	0
159	1	0
160	0	0
http://weibo.cn/u/5160610196?page=19
条数	赞	转发
161	0	0
162	0	0
163	0	0
164	0	0
165	1	0
166	0	0
167	0	0
168	0	0
169	0	0
170	0	0
http://weibo.cn/u/5160610196?page=20
条数	赞	转发
171	2	0
172	0	0
173	0	0
174	0	0
175	0	0
176	0	0
177	0	0
178	0	0
179	0	0
http://weibo.cn/u/5160610196?page=21
条数	赞	转发
180	0	0
181	0	0
182	1	0
183	0	0
184	0	0
185	1	0
186	0	0
187	0	0
http://weibo.cn/u/5160610196?page=22
条数	赞	转发
188	0	0
189	0	0
190	1	0
191	0	0
192	0	0
193	0	0
194	0	0
195	0	0
196	0	0
197	0	0
http://weibo.cn/u/5160610196?page=23
条数	赞	转发
198	0	0
199	1	0
200	4	0
201	0	0
202	0	0
203	0	0
204	1	0
205	0	0
206	0	0
207	0	0
http://weibo.cn/u/5160610196?page=24
条数	赞	转发
208	1	0
209	0	0
210	1	0
211	1	0
212	0	0
213	0	0
214	0	0
215	0	0
216	0	0
http://weibo.cn/u/5160610196?page=25
条数	赞	转发
217	0	0
218	0	0
219	0	0
220	0	0
221	0	1
222	1	0
223	0	0
224	0	0
225	1	0
http://weibo.cn/u/5160610196?page=26
条数	赞	转发
226	2	0
227	0	0
228	0	0
229	0	0
230	2	1
231	0	0
232	0	0
233	0	0
234	0	0
http://weibo.cn/u/5160610196?page=27
条数	赞	转发
235	0	0
236	1	0
237	0	0
238	0	0
239	1	0
240	1	0
241	2	0
242	0	0
243	0	0
244	0	0
http://weibo.cn/u/5160610196?page=28
条数	赞	转发
245	0	0
246	0	0
247	0	0
248	0	0
249	0	0
250	0	0
251	1	0
252	0	0
253	1	1
254	0	0
http://weibo.cn/u/5160610196?page=29
条数	赞	转发
255	2	0
256	2	1
257	0	0
258	0	0
259	0	0
260	0	0
261	1	1
262	1	0
263	0	0
264	0	0
http://weibo.cn/u/5160610196?page=30
条数	赞	转发
265	0	0
266	1	0
267	0	0
268	0	0
269	2	0
270	0	0
271	0	0
272	0	0
273	1	0
http://weibo.cn/u/5160610196?page=31
条数	赞	转发
274	1	0
275	1	1
276	0	0
277	0	0
278	0	0
279	1	0
280	0	0
281	0	0
282	0	0
283	0	0
http://weibo.cn/u/5160610196?page=32
条数	赞	转发
284	0	0
285	0	0
286	0	0
287	0	0
288	0	0
289	0	1
290	0	0
291	0	0
292	0	0
http://weibo.cn/u/5160610196?page=33
条数	赞	转发
293	0	0
294	0	0
295	0	0
296	0	1
297	0	0
298	2	0
299	0	0
300	4	1
301	0	0
http://weibo.cn/u/5160610196?page=34
条数	赞	转发
302	1	0
303	0	0
304	0	0
305	1	0
306	0	0
307	0	0
308	0	0
309	2	0
310	0	0
http://weibo.cn/u/5160610196?page=35
条数	赞	转发
311	0	0
312	0	0
313	0	0
314	0	0
315	0	1
316	0	0
317	1	0
318	2	0
319	1	0
http://weibo.cn/u/5160610196?page=36
条数	赞	转发
320	2	0
321	1	0
322	1	0
323	1	0
324	1	0
325	1	0
326	0	0
327	1	0
328	0	0
329	1	0
http://weibo.cn/u/5160610196?page=37
条数	赞	转发
330	1	0
331	0	0
332	3	0
333	0	0
334	0	1
335	2	0
336	1	0
337	1	0
338	1	0
http://weibo.cn/u/5160610196?page=38
条数	赞	转发
339	0	0
340	0	0
341	2	0
342	0	0
343	1	0
344	1	0
345	1	0
http://weibo.cn/u/5160610196?page=39
条数	赞	转发
346	1	0
347	0	0
348	0	0
349	1	0
350	1	0
351	0	0
352	1	0
353	2	0
354	1	1
355	0	0
http://weibo.cn/u/5160610196?page=40
条数	赞	转发
356	0	0
357	0	0
358	0	0
359	0	0
360	0	0
361	1	0
362	0	0
363	0	1
364	0	0
365	0	2
http://weibo.cn/u/5160610196?page=41
条数	赞	转发
366	0	0
367	1	0
368	1	0
369	0	0
370	1	0
371	1	0
372	1	0
373	0	0
374	1	0
http://weibo.cn/u/5160610196?page=42
条数	赞	转发
375	0	0
376	1	0
377	0	0
378	2	0
379	4	0
380	1	0
381	5	0
382	0	0
383	0	0
http://weibo.cn/u/5160610196?page=43
条数	赞	转发
384	1	0
385	0	0
386	7	0
387	0	0
388	0	0
389	1	0
390	0	0
391	0	0
392	2	0
393	0	0
http://weibo.cn/u/5160610196?page=44
条数	赞	转发
394	2	0
395	0	0
396	4	0
397	1	0
398	1	0
399	0	0
400	0	0
401	1	0
402	0	0
http://weibo.cn/u/5160610196?page=45
条数	赞	转发
403	1	0
404	1	1
405	1	0
406	1	0
407	0	0
408	0	0
409	0	0
410	0	1
411	0	2
412	0	0
http://weibo.cn/u/5160610196?page=46
条数	赞	转发
413	0	0
414	1	0
415	0	0
416	0	0
417	0	0
418	0	0
419	1	0
420	0	0
421	0	0
422	0	0
http://weibo.cn/u/5160610196?page=47
条数	赞	转发
423	3	0
424	0	0
425	1	0
426	0	0
427	0	0
428	0	0
429	1	0
430	0	0
431	0	0
432	0	0
http://weibo.cn/u/5160610196?page=48
条数	赞	转发
433	0	0
434	1	0
435	0	0
436	0	0
437	0	0
438	0	0
439	3	0
440	0	0
441	0	1
http://weibo.cn/u/5160610196?page=49
条数	赞	转发
442	0	0
443	3	0
444	0	0
445	0	0
446	0	0
447	2	3
448	1	0
449	0	0
450	0	0
451	0	0
http://weibo.cn/u/5160610196?page=50
条数	赞	转发
452	1	0
453	0	1
454	0	0
455	4	1
456	0	0
457	0	0
458	0	0
459	1	1
http://weibo.cn/u/5160610196?page=51
条数	赞	转发
460	0	0
461	0	0
462	0	0
463	1	0
464	0	0
465	0	0
466	2	0
467	2	2
468	0	0
http://weibo.cn/u/5160610196?page=52
条数	赞	转发
469	3	0
470	0	0
471	1	0
472	1	0
473	2	0
474	5	0
475	0	0
476	2	0
477	1	0
http://weibo.cn/u/5160610196?page=53
条数	赞	转发
478	0	0
479	0	0
480	0	0
481	0	0
482	0	0
483	0	0
http://weibo.cn/u/5160610196?page=54
条数	赞	转发
484	0	0
485	1	0
486	2	0
487	0	0
488	0	0
489	0	0
490	0	0
491	3	0
492	1	0
http://weibo.cn/u/5160610196?page=55
条数	赞	转发
493	1	0
494	0	0
495	0	0
496	0	0
497	1	0
498	1	0
499	0	0
500	0	0
501	0	0
502	0	0
http://weibo.cn/u/5160610196?page=56
条数	赞	转发
503	0	0
504	1	0
505	1	0
506	0	1
507	0	0
508	1	0
509	2	0
510	0	0
511	0	2
http://weibo.cn/u/5160610196?page=57
条数	赞	转发
512	1	0
513	0	0
514	0	0
515	0	0
516	0	0
517	0	0
518	0	0
519	0	0
520	1	0
http://weibo.cn/u/5160610196?page=58
条数	赞	转发
521	0	0
522	2	0
523	0	0
524	0	0
525	0	0
526	0	0
527	0	0
528	0	0
529	0	0
http://weibo.cn/u/5160610196?page=59
条数	赞	转发
530	0	0
531	0	0
532	3	0
533	1	0
534	0	0
535	3	0
536	2	0
537	1	0
538	0	0
http://weibo.cn/u/5160610196?page=60
条数	赞	转发
539	0	0
540	0	0
541	0	0
542	2	0
543	0	9
544	2	0
545	0	0
546	0	1
547	0	0
http://weibo.cn/u/5160610196?page=61
条数	赞	转发
548	1	0
549	1	0
550	1	0
551	1	0
552	0	0
553	0	0
554	0	0
555	1	0
556	0	0
557	1	0
http://weibo.cn/u/5160610196?page=62
条数	赞	转发
558	1	0
559	1	0
560	0	0
561	3	0
562	1	0
563	0	0
564	1	0
http://weibo.cn/u/5160610196?page=63
条数	赞	转发
565	3	0
566	4	0
567	0	0
568	0	0
569	6	0
570	1	0
571	2	0
572	1	0
http://weibo.cn/u/5160610196?page=64
条数	赞	转发
573	3	0
574	2	0
575	2	0
576	1	0
577	4	0
578	4	0
579	0	0
580	3	0
581	0	0
http://weibo.cn/u/5160610196?page=65
条数	赞	转发
582	1	0
583	3	0
584	1	0
585	1	0
586	4	0
587	1	0
588	0	0
589	0	1
590	0	1
591	0	0
http://weibo.cn/u/5160610196?page=66
条数	赞	转发
592	0	0
593	0	1
594	0	0
595	1	0
596	0	0
597	2	0
598	1	0
599	1	0
http://weibo.cn/u/5160610196?page=67
条数	赞	转发
600	3	0
601	0	0
602	0	0
603	0	0
604	0	0
605	2	0
606	2	0
607	1	0
608	0	0
http://weibo.cn/u/5160610196?page=68
条数	赞	转发
609	1	0
610	1	0
611	3	0
612	2	0
613	3	0
614	0	0
615	2	0
616	1	0
617	4	0
618	0	0
http://weibo.cn/u/5160610196?page=69
条数	赞	转发
619	3	0
620	0	0
621	1	1
622	2	0
623	2	0
624	0	0
625	0	0
626	1	2
627	0	0
628	0	0
http://weibo.cn/u/5160610196?page=70
条数	赞	转发
629	1	0
630	0	0
631	0	0
632	0	0
633	0	0
634	1	0
635	1	2
636	0	0
637	0	0
638	3	0
http://weibo.cn/u/5160610196?page=71
条数	赞	转发
639	0	0
640	1	0
641	1	1
642	6	0
643	3	0
644	0	0
645	0	0
646	1	0
647	1	0
http://weibo.cn/u/5160610196?page=72
条数	赞	转发
648	0	0
649	0	0
650	0	0
651	0	0
652	0	0
653	0	0
654	1	0
655	2	0
656	0	0
657	0	0
http://weibo.cn/u/5160610196?page=73
条数	赞	转发
658	0	0
659	0	0
660	0	0
661	1	0
662	2	0
663	1	0
664	2	0
665	0	0
666	0	1
667	1	0
http://weibo.cn/u/5160610196?page=74
条数	赞	转发
668	3	0
669	0	0
670	1	0
671	2	0
672	1	0
673	0	0
674	0	0
675	0	0
676	0	0
677	1	1
http://weibo.cn/u/5160610196?page=75
条数	赞	转发
678	8	0
679	5	0
680	2	0
681	2	0
682	0	0
683	0	0
684	1	0
685	0	0
http://weibo.cn/u/5160610196?page=76
条数	赞	转发
686	0	0
687	4	0
688	3	0
689	7	0
690	0	0
691	0	0
692	3	0
693	0	0
694	1	0
695	1	0
http://weibo.cn/u/5160610196?page=77
条数	赞	转发
696	3	0
697	4	0
698	0	0
699	0	0
700	4	0
701	2	0
702	0	0
703	5	0
704	1	0
705	1	0
http://weibo.cn/u/5160610196?page=78
条数	赞	转发
706	0	0
707	1	1
708	0	0
709	0	0
710	1	0
711	1	0
712	4	0
713	3	0
714	0	1
715	0	0
http://weibo.cn/u/5160610196?page=79
条数	赞	转发
716	0	0
717	8	0
718	1	0
719	0	0
720	2	0
721	2	0
722	1	0
723	0	0
724	0	0
725	0	0
http://weibo.cn/u/5160610196?page=80
条数	赞	转发
726	2	1
727	1	0
728	0	0
729	2	0
730	3	0
731	0	0
732	0	0
733	0	0
734	0	0
735	0	0
http://weibo.cn/u/5160610196?page=81
条数	赞	转发
736	0	0
737	1	0
738	0	0
739	0	0
740	0	0
741	0	0
742	2	0
743	0	0
744	3	0
745	0	0
http://weibo.cn/u/5160610196?page=82
条数	赞	转发
746	0	0
747	0	0
748	0	0
749	1	0
750	0	3
751	0	0
752	0	2
753	0	0
754	0	0
755	0	0
http://weibo.cn/u/5160610196?page=83
条数	赞	转发
756	0	0
757	0	0
758	0	0
759	0	0
760	0	0
761	0	0
762	0	1
763	0	0
764	0	0
765	0	1
http://weibo.cn/u/5160610196?page=84
条数	赞	转发
766	0	0
767	0	0
768	1	0
769	0	0
770	0	0
771	0	0
772	0	0
773	0	0
774	1	0
775	0	0
http://weibo.cn/u/5160610196?page=85
条数	赞	转发
776	0	1
777	0	0
778	0	0
779	0	0
780	0	0
781	0	0
782	0	0
783	0	0
784	0	0
785	0	0
http://weibo.cn/u/5160610196?page=86
条数	赞	转发
786	0	0
787	0	0
788	0	0
789	0	0
790	0	0
791	0	0
792	0	0
793	1	0
794	0	0
http://weibo.cn/u/5160610196?page=87
条数	赞	转发
795	1	0
796	0	0
797	0	0
798	0	0
799	0	0
800	0	0
801	0	0
802	0	0
803	2	0
804	1	0
http://weibo.cn/u/5160610196?page=88
条数	赞	转发
805	0	0
806	0	0
807	0	0
808	0	0
809	0	0
810	0	0
811	1	1
812	0	0
813	0	0
http://weibo.cn/u/5160610196?page=89
条数	赞	转发
814	1	0
815	0	0
816	0	0
817	0	1
818	0	0
819	0	0
820	0	0
821	0	0
822	0	0
823	1	0
http://weibo.cn/u/5160610196?page=90
条数	赞	转发
824	0	0
825	0	0
826	0	0
827	0	0
828	0	0
829	0	0
830	0	0
831	0	0
832	0	0
833	0	0
http://weibo.cn/u/5160610196?page=91
条数	赞	转发
834	0	0
835	0	0
836	1	1
837	0	0
838	0	0
839	0	0
840	0	0
841	0	0
842	0	0
843	0	0
http://weibo.cn/u/5160610196?page=92
条数	赞	转发
844	0	0
845	0	0
846	1	0
847	0	0
848	0	0
849	0	0
850	0	0
851	0	0
852	0	0
853	0	0
http://weibo.cn/u/5160610196?page=93
条数	赞	转发
854	0	0
855	0	0
856	0	0
857	1	1
858	1	0
859	0	0
860	0	0
861	0	0
862	0	0
863	0	0
http://weibo.cn/u/5160610196?page=94
条数	赞	转发
864	0	0
865	0	0
866	2	0
867	2	0
868	0	0
869	0	0
870	5	0
871	0	0
872	0	0
873	1	0
http://weibo.cn/u/5160610196?page=95
条数	赞	转发
874	0	0
875	1	0
876	2	0
877	0	0
878	0	0
879	0	0
880	0	0
881	0	0
882	0	0
883	0	0
http://weibo.cn/u/5160610196?page=96
条数	赞	转发
884	0	0
885	0	4
886	0	0
887	0	0
888	0	0
889	0	0
890	0	0
891	0	0
892	0	0
893	0	0
http://weibo.cn/u/5160610196?page=97
条数	赞	转发
894	0	0
895	0	0
896	0	0
897	0	0
898	0	0
899	0	0
900	0	0
901	1	0
902	0	0
903	0	1
http://weibo.cn/u/5160610196?page=98
条数	赞	转发
904	0	0
905	0	0
906	3	0
907	0	0
908	1	0
909	0	0
910	0	0
911	0	0
912	0	0
913	0	0
http://weibo.cn/u/5160610196?page=99
条数	赞	转发
914	1	0
915	0	0
916	0	0
917	0	0
918	0	0
919	0	0
920	0	0
921	0	0
922	0	0
923	0	0
http://weibo.cn/u/5160610196?page=100
条数	赞	转发
924	0	0
925	0	0
926	1	0
927	0	0
928	0	0
929	0	0
930	0	0
931	0	0
932	0	0
933	0	0
http://weibo.cn/u/5160610196?page=101
条数	赞	转发
934	0	0
935	0	0
936	0	0
937	0	0
938	1	0
939	0	0
940	2	1
941	0	0
942	0	0
943	0	0
http://weibo.cn/u/5160610196?page=102
条数	赞	转发
944	2	0
945	2	1
946	0	0
947	1	0
948	0	0
949	0	0
950	0	0
951	0	0
952	0	0
953	1	0
http://weibo.cn/u/5160610196?page=103
条数	赞	转发
954	0	0
955	0	0
956	1	0
957	0	0
958	1	0
959	0	0
960	0	0
961	0	0
962	0	0
963	0	0
http://weibo.cn/u/5160610196?page=104
条数	赞	转发
964	2	1
965	1	0
966	0	0
967	0	0
968	0	0
969	0	0
970	0	0
971	0	0
972	0	0
973	0	0
http://weibo.cn/u/5160610196?page=105
条数	赞	转发
974	0	0
975	0	0
976	2	0
