http://weibo.cn/gtv7777777?page=1
条数	赞	转发
1	247	257
2	435	18
3	280	13
4	343	388
5	244	7
6	312	22
7	265	10
8	153	11
9	89	12
10	289	6
11	199	9
http://weibo.cn/gtv7777777?page=2
条数	赞	转发
12	529	4
13	452	31
14	501	178
15	560	131
16	570	5
17	185	2
18	171	5
19	199	12
20	252	13
http://weibo.cn/gtv7777777?page=3
条数	赞	转发
21	205	93
22	143	1
23	246	45
24	1619	38
25	377	15
26	537	13
27	264	89
28	457	29
29	1830	541
30	198	19
http://weibo.cn/gtv7777777?page=4
条数	赞	转发
31	403	27
32	2296	194
33	1626	131
34	170	45
35	236	13
36	455	320
37	234	4
38	497	6
39	504	22
40	593	19
http://weibo.cn/gtv7777777?page=5
条数	赞	转发
41	89	10
42	552	14
43	1502	40
44	203	23
45	762	11
46	289	365
47	448	26
48	197	38
49	317	260
50	291	71
http://weibo.cn/gtv7777777?page=6
条数	赞	转发
51	231	198
52	210	21
53	552	14
54	221	49
55	184	12
56	528	356
57	414	269
58	448	15
59	427	61
60	223	15
http://weibo.cn/gtv7777777?page=7
条数	赞	转发
61	450	13
62	430	1
63	134	6
64	435	168
65	517	11
66	184	5
67	301	13
68	563	16
69	956	257
70	257	38
http://weibo.cn/gtv7777777?page=8
条数	赞	转发
71	949	204
72	1811	863
73	87	9
74	272	185
75	92	24
76	382	207
77	149	15
78	341	6
79	548	4
80	624	12
http://weibo.cn/gtv7777777?page=9
条数	赞	转发
81	145	15
82	366	2379
83	772	184
84	564	176
85	235	3
86	327	8
87	311	361
88	288	1895
89	299	78
90	347	27
http://weibo.cn/gtv7777777?page=10
条数	赞	转发
91	241	6
92	294	7
93	488	445
94	248	71
95	417	49
96	664	2092
97	521	466
98	225	7
99	287	147
100	419	5
http://weibo.cn/gtv7777777?page=11
条数	赞	转发
101	309	9
102	331	79
103	363	156
104	942	76
105	477	4
106	183	14
107	746	102
108	265	298
109	206	0
110	273	1
http://weibo.cn/gtv7777777?page=12
条数	赞	转发
111	428	265
112	612	22
113	280	53
114	729	41
115	212	7
116	472	28
117	383	479
118	222	167
119	169	79
120	289	9
http://weibo.cn/gtv7777777?page=13
条数	赞	转发
121	470	68
122	311	16
123	479	5
124	604	9
125	559	1090
126	254	6
127	263	16
128	553	1
129	148	15
130	501	13
http://weibo.cn/gtv7777777?page=14
条数	赞	转发
131	492	20
132	755	12
133	676	9
134	146	36
135	193	25
136	1070	26
137	239	8
138	697	6
139	392	8
140	378	11
http://weibo.cn/gtv7777777?page=15
条数	赞	转发
141	956	23
142	457	211
143	159	85
144	515	95
145	129	74
146	200	5
147	362	191
148	419	17
149	426	19
150	142	3
http://weibo.cn/gtv7777777?page=16
条数	赞	转发
151	441	776
152	456	29
153	342	54
154	471	160
155	148	18
156	268	3
157	533	22
158	222	16
159	194	23
160	592	570
http://weibo.cn/gtv7777777?page=17
条数	赞	转发
161	421	3
162	297	10
163	199	36
164	248	258
165	121	6
166	722	47
167	330	17
168	367	482
169	194	22
170	270	24
http://weibo.cn/gtv7777777?page=18
条数	赞	转发
171	275	46
172	123	21
173	281	233
174	152	47
175	1020	24
176	531	790
177	250	14
178	214	28
179	401	745
180	239	24
http://weibo.cn/gtv7777777?page=19
条数	赞	转发
181	990	64
182	526	18
183	392	157
184	327	73
185	427	81
186	349	19
187	884	42
188	420	20
189	412	61
190	2248	96
http://weibo.cn/gtv7777777?page=20
条数	赞	转发
191	904	47
192	331	46
193	287	3
194	667	12
195	246	5
196	305	2
197	220	2
198	647	16
199	1271	36
200	443	420
http://weibo.cn/gtv7777777?page=21
条数	赞	转发
201	948	76
202	580	5
203	956	39
204	386	5
205	678	10
206	600	344
207	540	123
208	788	21
209	197	36
210	186	97
http://weibo.cn/gtv7777777?page=22
条数	赞	转发
211	252	166
212	257	397
213	416	32
214	648	159
215	128	76
216	389	10
217	933	242
218	239	5
219	240	50
220	370	26
http://weibo.cn/gtv7777777?page=23
条数	赞	转发
221	206	9
222	417	64
223	375	18
224	154	5
225	348	36
226	532	168
227	497	60
228	256	8
229	473	19
230	353	18
http://weibo.cn/gtv7777777?page=24
条数	赞	转发
231	538	10
232	469	7
233	327	22
234	714	329
235	202	5
236	246	10
237	381	63
238	309	14
239	330	12
240	636	29
http://weibo.cn/gtv7777777?page=25
条数	赞	转发
241	435	9
242	322	26
243	763	9
244	308	8
245	115	10
246	307	28
247	352	53
248	534	8
249	218	17
250	226	9
http://weibo.cn/gtv7777777?page=26
条数	赞	转发
251	231	30
252	230	94
253	730	1005
254	352	14
255	179	224
256	196	22
257	252	586
258	191	61
259	674	148
260	478	47
http://weibo.cn/gtv7777777?page=27
条数	赞	转发
261	384	32
262	154	63
263	219	77
264	86	13
265	591	55
266	325	8
267	216	161
268	848	69
269	309	16
270	135	26
http://weibo.cn/gtv7777777?page=28
条数	赞	转发
271	142	25
272	243	25
273	478	172
274	181	34
275	122	67
276	1168	112
277	179	9
278	106	24
279	253	183
280	281	130
http://weibo.cn/gtv7777777?page=29
条数	赞	转发
281	303	127
282	801	1667
283	324	318
284	161	69
285	135	149
286	342	65
287	134	12
288	1000	136
289	147	25
290	91	8
http://weibo.cn/gtv7777777?page=30
条数	赞	转发
291	120	6
292	167	1
293	503	12
294	452	58
295	330	23
296	154	116
297	769	56
298	320	32
299	628	52
300	369	614
http://weibo.cn/gtv7777777?page=31
条数	赞	转发
301	257	21
302	145	7
303	256	12
304	445	61
305	373	341
306	455	60
307	841	901
308	464	10
309	460	5
310	474	9
http://weibo.cn/gtv7777777?page=32
条数	赞	转发
311	640	32
312	433	644
313	264	456
314	386	7
315	385	181
316	598	217
317	256	7
318	474	180
319	142	36
320	1196	29
http://weibo.cn/gtv7777777?page=33
条数	赞	转发
321	398	18
322	353	29
323	1213	171
324	5255	363
325	1258	21
326	100	26
327	402	36
328	704	29
329	364	388
330	404	21
http://weibo.cn/gtv7777777?page=34
条数	赞	转发
331	280	6
332	536	63
333	343	18
334	223	12
335	226	315
336	218	137
337	360	960
338	324	41
339	655	13
340	332	77
http://weibo.cn/gtv7777777?page=35
条数	赞	转发
341	164	1
342	91	3
343	104	5
344	346	19
345	511	39
346	178	37
347	471	17
348	375	12
349	212	6
350	377	10
http://weibo.cn/gtv7777777?page=36
条数	赞	转发
351	146	47
352	264	226
353	143	11
354	277	326
355	467	7
356	247	237
357	633	22
358	429	175
359	1037	32
360	154	5
http://weibo.cn/gtv7777777?page=37
条数	赞	转发
361	624	1657
362	313	19
363	278	2
364	2564	100
365	291	133
366	842	6
367	166	11
368	641	22
369	250	0
370	138	13
http://weibo.cn/gtv7777777?page=38
条数	赞	转发
371	508	13
372	213	60
373	280	18
374	288	12
375	446	60
376	281	3
377	260	0
378	350	20
379	557	15
380	278	32
http://weibo.cn/gtv7777777?page=39
条数	赞	转发
381	173	14
382	359	33
383	291	63
384	765	86
385	406	221
386	678	17
387	266	17
388	426	38
389	453	31
390	431	1059
http://weibo.cn/gtv7777777?page=40
条数	赞	转发
391	556	11
392	434	5
393	386	4
394	206	23
395	336	37
396	261	41
397	172	77
398	201	18
399	674	16
400	617	31
http://weibo.cn/gtv7777777?page=41
条数	赞	转发
401	377	55
402	240	17
403	278	3
404	406	5
405	304	2
406	158	2
407	624	28
408	459	11
409	345	45
410	549	13
http://weibo.cn/gtv7777777?page=42
条数	赞	转发
411	385	55
412	700	7
413	229	13
414	1002	154
415	532	38
416	256	2
417	243	164
418	258	2
419	505	30
420	675	20
http://weibo.cn/gtv7777777?page=43
条数	赞	转发
421	546	1648
422	583	856
423	218	98
424	318	18
425	579	45
426	248	239
427	56	22
428	114	21
429	669	18
430	185	8
http://weibo.cn/gtv7777777?page=44
条数	赞	转发
431	163	133
432	716	68
433	442	11
434	596	8
435	426	5
436	239	8
437	168	6
438	145	58
439	279	623
440	92	6
http://weibo.cn/gtv7777777?page=45
条数	赞	转发
441	382	299
442	220	11
443	111	131
444	380	24
445	190	27
446	375	30
447	660	63
448	233	21
449	388	2032
450	386	18
http://weibo.cn/gtv7777777?page=46
条数	赞	转发
451	454	30
452	278	10
453	391	18
454	288	19
455	250	10
456	216	23
457	373	63
458	211	176
459	246	96
460	821	42
http://weibo.cn/gtv7777777?page=47
条数	赞	转发
461	137	102
462	171	289
463	157	4
464	259	1048
465	50	1
466	169	4
467	223	48
468	273	1133
469	81	22
470	301	208
http://weibo.cn/gtv7777777?page=48
条数	赞	转发
471	590	21
472	391	172
473	292	30
474	287	206
475	273	300
476	373	19
477	244	42
478	466	31
479	439	65
480	130	1
http://weibo.cn/gtv7777777?page=49
条数	赞	转发
481	116	4
482	162	14
483	378	34
484	308	1547
485	546	15
486	449	22
487	150	12
488	299	8
489	113	30
490	260	41
http://weibo.cn/gtv7777777?page=50
条数	赞	转发
491	407	336
492	84	4
493	230	16
494	511	9
495	528	35
496	313	4
497	169	97
498	365	5
499	246	9
500	91	36
http://weibo.cn/gtv7777777?page=51
条数	赞	转发
501	285	117
502	110	38
503	84	7
504	307	1443
505	141	7
506	165	14
507	166	16
508	424	241
509	274	7
510	267	33
http://weibo.cn/gtv7777777?page=52
条数	赞	转发
511	515	44
512	635	18
513	187	55
514	376	66
515	964	163
516	320	27
517	323	23
518	429	59
519	367	5
520	519	13
http://weibo.cn/gtv7777777?page=53
条数	赞	转发
521	119	30
522	228	54
523	235	185
524	329	68
525	327	3
526	110	3
527	197	1
528	156	9
529	229	7
530	127	1
http://weibo.cn/gtv7777777?page=54
条数	赞	转发
531	516	57
532	282	1174
533	497	93
534	74	6
535	116	72
536	384	62
537	161	182
538	144	13
539	367	140
540	187	1
http://weibo.cn/gtv7777777?page=55
条数	赞	转发
541	328	107
542	379	5
543	87	3
544	456	129
545	622	9
546	66	0
547	173	8
548	424	6
549	310	21
550	593	32
http://weibo.cn/gtv7777777?page=56
条数	赞	转发
551	643	13
552	166	10
553	192	67
554	294	44
555	162	4
556	81	1
557	283	1525
558	110	4
559	252	130
560	314	28
http://weibo.cn/gtv7777777?page=57
条数	赞	转发
561	384	26
562	1406	40
563	231	167
564	325	44
565	164	12
566	130	24
567	96	6
568	172	177
569	695	137
570	497	15
http://weibo.cn/gtv7777777?page=58
条数	赞	转发
571	239	175
572	116	32
573	333	7
574	546	161
575	888	93
576	497	18
577	388	20
578	71	4
579	351	31
580	406	58
http://weibo.cn/gtv7777777?page=59
条数	赞	转发
581	243	17
582	434	32
583	357	26
584	374	859
585	742	29
586	289	1353
587	193	9
588	476	73
589	349	20
590	1123	41
http://weibo.cn/gtv7777777?page=60
条数	赞	转发
591	536	7
592	176	34
593	393	54
594	317	275
595	406	8
596	659	29
597	201	13
598	265	46
599	100	3
600	488	20
http://weibo.cn/gtv7777777?page=61
条数	赞	转发
601	109	19
602	111	10
603	249	221
604	254	81
605	326	674
606	254	15
607	236	44
608	435	138
609	525	10
610	203	4
http://weibo.cn/gtv7777777?page=62
条数	赞	转发
611	317	5
612	312	40
613	209	5
614	431	30
615	291	5
616	280	15
617	286	22
618	179	8
619	256	28
620	445	27
http://weibo.cn/gtv7777777?page=63
条数	赞	转发
621	535	64
622	537	24
623	1653	85
624	711	33
625	721	27
626	598	27
627	152	5
628	255	62
629	610	735
630	794	88
http://weibo.cn/gtv7777777?page=64
条数	赞	转发
631	1159	36
632	423	51
633	981	286
634	458	41
635	769	51
636	128	34
637	485	1029
638	600	82
639	198	2
640	284	34
http://weibo.cn/gtv7777777?page=65
条数	赞	转发
641	175	89
642	272	157
643	281	38
644	357	48
645	446	10
646	1101	42
647	1829	197
648	379	158
649	449	80
650	672	71
http://weibo.cn/gtv7777777?page=66
条数	赞	转发
651	826	125
652	785	26
653	613	23
654	217	40
655	249	15
656	412	22
657	106	9
658	427	43
659	172	5
660	180	22
http://weibo.cn/gtv7777777?page=67
条数	赞	转发
661	150	9
662	136	17
663	175	82
664	572	5
665	252	18
666	98	12
667	583	39
668	273	0
669	231	18
670	526	22
http://weibo.cn/gtv7777777?page=68
条数	赞	转发
671	88	5
672	64	10
673	165	7
674	164	94
675	129	15
676	248	42
677	240	16
678	608	43
679	159	10
680	199	12
http://weibo.cn/gtv7777777?page=69
条数	赞	转发
681	114	32
682	191	7
683	427	54
684	496	393
685	355	18
686	912	2031
687	864	353
688	417	24
689	205	31
690	1340	103
http://weibo.cn/gtv7777777?page=70
条数	赞	转发
691	562	24
692	433	17
693	220	15
694	410	30
695	918	21
696	482	34
697	308	8
698	407	232
699	720	51
700	439	10
http://weibo.cn/gtv7777777?page=71
条数	赞	转发
701	333	418
702	129	8
703	189	3
704	163	20
705	137	154
706	322	272
707	208	4
708	209	5
709	288	15
710	256	23
http://weibo.cn/gtv7777777?page=72
条数	赞	转发
711	326	24
712	709	34
713	287	13
714	222	3
715	148	6
716	232	13
717	202	14
718	147	21
719	906	24
720	328	108
http://weibo.cn/gtv7777777?page=73
条数	赞	转发
721	254	20
722	86	2
723	210	16
724	472	10
725	427	16
726	464	309
727	145	126
728	351	12
729	229	211
730	327	45
http://weibo.cn/gtv7777777?page=74
条数	赞	转发
731	403	29
732	304	11
733	144	4
734	325	19
735	184	31
736	457	14
737	244	6
738	309	19
739	362	34
740	596	45
http://weibo.cn/gtv7777777?page=75
条数	赞	转发
741	147	20
742	155	118
743	97	188
744	127	271
745	257	1074
746	225	624
747	148	39
748	189	15
749	112	61
750	197	91
http://weibo.cn/gtv7777777?page=76
条数	赞	转发
751	146	109
752	205	34
753	605	15
754	142	2
755	222	13
756	178	11
757	175	15
758	118	4
759	242	17
760	88	41
http://weibo.cn/gtv7777777?page=77
条数	赞	转发
761	387	39
762	151	6
763	195	8
764	213	193
765	197	97
766	101	8
767	154	124
768	127	13
769	104	14
770	86	5
http://weibo.cn/gtv7777777?page=78
条数	赞	转发
771	262	1024
772	138	9
773	208	10
774	99	4
775	191	23
776	223	459
777	157	4
778	237	21
779	53	22
780	714	46
http://weibo.cn/gtv7777777?page=79
条数	赞	转发
781	108	11
782	78	25
783	322	365
784	174	16
785	146	36
786	104	3
787	588	6
788	166	7
789	99	12
790	819	67
http://weibo.cn/gtv7777777?page=80
条数	赞	转发
791	165	25
792	380	40
793	839	30
794	186	20
795	241	7
796	106	1
797	366	8
798	201	119
799	277	26
800	228	9
http://weibo.cn/gtv7777777?page=81
条数	赞	转发
801	96	6
802	343	39
803	644	17
804	183	10
805	172	10
806	416	31
807	686	39
808	353	44
809	124	9
810	129	9
http://weibo.cn/gtv7777777?page=82
条数	赞	转发
811	169	28
812	154	7
813	78	5
814	164	16
815	153	12
816	255	62
817	151	3
818	751	31
819	164	1
820	233	7
http://weibo.cn/gtv7777777?page=83
条数	赞	转发
821	563	22
822	209	22
823	151	98
824	977	24
825	74	4
826	151	1
827	143	6
828	100	13
829	190	6
830	156	6
http://weibo.cn/gtv7777777?page=84
条数	赞	转发
831	234	13
832	542	13
833	902	25
834	244	166
835	455	6
836	400	72
837	479	22
838	264	17
839	769	143
840	278	409
http://weibo.cn/gtv7777777?page=85
条数	赞	转发
841	266	140
842	336	39
843	327	338
844	169	307
845	86	5
846	572	19
847	198	36
848	195	75
849	306	30
850	274	165
http://weibo.cn/gtv7777777?page=86
条数	赞	转发
851	654	16
852	145	36
853	275	9
854	128	121
855	564	18
856	156	26
857	135	40
858	262	309
859	121	11
860	282	26
http://weibo.cn/gtv7777777?page=87
条数	赞	转发
861	305	21
862	493	34
863	207	8
864	189	6
865	179	43
866	529	104
867	292	41
868	354	16
869	242	390
870	302	17
http://weibo.cn/gtv7777777?page=88
条数	赞	转发
871	182	10
872	120	6
873	432	37
874	158	14
875	210	58
876	244	7
877	389	1317
878	222	15
879	468	31
880	212	20
http://weibo.cn/gtv7777777?page=89
条数	赞	转发
881	124	29
882	204	196
883	198	35
884	200	26
885	129	10
886	92	9
887	415	288
888	208	39
889	294	16
890	269	131
http://weibo.cn/gtv7777777?page=90
条数	赞	转发
891	593	45
892	198	17
893	410	19
894	116	104
895	59	9
896	188	14
897	91	6
898	213	32
899	511	8
900	132	4
http://weibo.cn/gtv7777777?page=91
条数	赞	转发
901	123	10
902	304	3
903	429	38
904	434	14
905	460	245
906	156	4
907	201	150
908	803	48
909	200	6
910	304	25
http://weibo.cn/gtv7777777?page=92
条数	赞	转发
911	123	2
912	77	27
913	340	876
914	144	154
915	265	12
916	272	19
917	545	65
918	193	18
919	199	7
920	253	15
http://weibo.cn/gtv7777777?page=93
条数	赞	转发
921	150	18
922	162	21
923	256	9
924	122	1
925	163	4
926	188	3
927	291	8
928	124	0
929	99	6
930	329	33
http://weibo.cn/gtv7777777?page=94
条数	赞	转发
931	375	110
932	100	10
933	751	12
934	82	7
935	429	27
936	104	22
937	185	13
938	798	21
939	75	35
940	111	14
http://weibo.cn/gtv7777777?page=95
条数	赞	转发
941	69	19
942	65	7
943	102	10
944	294	33
945	105	9
946	84	30
947	208	7
948	112	3
949	171	15
950	279	925
http://weibo.cn/gtv7777777?page=96
条数	赞	转发
951	155	12
952	169	36
953	110	64
954	238	24
955	676	45
956	210	2
957	377	44
958	717	65
959	147	8
960	85	4
http://weibo.cn/gtv7777777?page=97
条数	赞	转发
961	201	31
962	159	0
963	216	40
964	229	9
965	607	448
966	70	13
967	19	0
968	698	48
969	201	4
970	345	12
http://weibo.cn/gtv7777777?page=98
条数	赞	转发
971	215	20
972	521	13
973	226	44
974	190	462
975	224	9
976	144	69
977	54	8
978	563	205
979	105	4
980	329	21
http://weibo.cn/gtv7777777?page=99
条数	赞	转发
981	342	27
982	654	227
983	93	1
984	191	6
985	255	16
986	199	28
987	279	6
988	160	43
989	521	87
990	303	26
http://weibo.cn/gtv7777777?page=100
条数	赞	转发
991	257	39
992	82	13
993	92	27
994	116	4
995	182	28
996	290	24
997	210	69
998	108	0
999	340	10
1000	113	2
http://weibo.cn/gtv7777777?page=101
条数	赞	转发
1001	78	39
1002	127	55
1003	389	1041
1004	254	7
1005	488	35
1006	375	41
1007	131	4
1008	659	194
1009	386	30
1010	314	8
http://weibo.cn/gtv7777777?page=102
条数	赞	转发
1011	167	9
1012	140	3
1013	490	54
1014	543	16
1015	174	6
1016	172	2
1017	44	2
1018	164	7
1019	357	32
1020	548	444
http://weibo.cn/gtv7777777?page=103
条数	赞	转发
1021	170	132
1022	230	26
1023	149	15
1024	419	16
1025	103	1
1026	313	0
1027	169	6
1028	227	9
1029	285	17
1030	179	8
http://weibo.cn/gtv7777777?page=104
条数	赞	转发
1031	665	358
1032	686	197
1033	218	35
1034	147	12
1035	50	2
1036	170	55
1037	415	110
1038	85	3
1039	124	110
1040	136	11
http://weibo.cn/gtv7777777?page=105
条数	赞	转发
1041	89	6
1042	73	19
1043	89	10
1044	151	4
1045	38	8
1046	153	7
1047	61	3
1048	307	22
1049	99	49
1050	183	3
http://weibo.cn/gtv7777777?page=106
条数	赞	转发
1051	147	155
1052	176	40
1053	45	7
1054	68	52
1055	45	4
1056	70	19
1057	247	286
1058	127	7
1059	87	12
1060	87	3
http://weibo.cn/gtv7777777?page=107
条数	赞	转发
1061	111	0
1062	102	36
1063	58	4
1064	60	7
1065	60	6
1066	82	2
1067	53	12
1068	101	22
1069	71	5
1070	107	26
http://weibo.cn/gtv7777777?page=108
条数	赞	转发
1071	119	130
1072	151	16
1073	108	1
1074	89	3
1075	274	10
1076	109	2
1077	176	10
1078	51	1
1079	283	41
1080	63	20
http://weibo.cn/gtv7777777?page=109
条数	赞	转发
1081	67	17
1082	189	187
1083	73	4
1084	160	6
1085	107	17
1086	38	9
1087	56	7
1088	44	34
1089	21	9
1090	46	27
http://weibo.cn/gtv7777777?page=110
条数	赞	转发
1091	95	40
1092	111	44
1093	204	479
1094	129	237
1095	84	5
1096	250	12
1097	130	6
1098	71	45
1099	104	1
1100	165	6
http://weibo.cn/gtv7777777?page=111
条数	赞	转发
1101	75	8
1102	109	20
1103	183	40
1104	112	10
1105	557	28
1106	127	9
1107	156	2
1108	194	7
1109	70	3
1110	192	12
http://weibo.cn/gtv7777777?page=112
条数	赞	转发
1111	44	4
1112	116	4
1113	133	52
1114	82	1
1115	164	6
1116	112	0
1117	105	1
1118	210	9
1119	85	7
1120	176	38
http://weibo.cn/gtv7777777?page=113
条数	赞	转发
1121	90	2
1122	68	6
1123	163	16
1124	129	117
1125	129	5
1126	131	6
1127	369	38
1128	147	5
1129	240	591
1130	134	47
http://weibo.cn/gtv7777777?page=114
条数	赞	转发
1131	715	91
1132	154	92
1133	341	4
1134	263	7
1135	108	46
1136	319	21
1137	122	7
1138	159	9
1139	117	129
1140	410	31
http://weibo.cn/gtv7777777?page=115
条数	赞	转发
1141	113	3
1142	214	14
1143	138	192
1144	250	329
1145	290	47
1146	209	11
1147	88	30
1148	170	92
1149	62	2
1150	146	2
http://weibo.cn/gtv7777777?page=116
条数	赞	转发
1151	173	3
1152	95	54
1153	50	5
1154	159	17
1155	56	8
1156	39	1
1157	77	13
1158	395	13
1159	391	85
1160	51	8
http://weibo.cn/gtv7777777?page=117
条数	赞	转发
1161	445	130
1162	240	6
1163	90	12
1164	211	129
1165	57	45
1166	56	11
1167	50	10
1168	169	42
1169	70	18
1170	141	62
http://weibo.cn/gtv7777777?page=118
条数	赞	转发
1171	62	30
1172	73	28
1173	91	91
1174	140	310
1175	83	3
1176	60	3
1177	55	5
1178	140	219
1179	103	0
1180	454	26
http://weibo.cn/gtv7777777?page=119
条数	赞	转发
1181	673	24
1182	127	8
1183	161	29
1184	252	74
1185	110	2
1186	309	9
1187	95	3
1188	406	27
1189	246	16
1190	139	5
http://weibo.cn/gtv7777777?page=120
条数	赞	转发
1191	93	2
1192	113	2
1193	114	3
1194	125	125
1195	515	26
1196	107	2
1197	329	40
1198	262	14
1199	67	6
1200	104	33
http://weibo.cn/gtv7777777?page=121
条数	赞	转发
1201	184	13
1202	187	11
1203	55	12
1204	47	33
1205	77	72
1206	24	13
1207	89	414
1208	136	361
1209	141	8
1210	272	0
http://weibo.cn/gtv7777777?page=122
条数	赞	转发
1211	411	26
1212	174	38
1213	117	7
1214	189	2
1215	319	18
1216	103	58
1217	193	810
1218	424	20
1219	82	7
http://weibo.cn/gtv7777777?page=123
条数	赞	转发
1220	111	19
1221	436	118
1222	137	15
1223	209	44
1224	254	17
1225	429	175
1226	138	18
1227	169	59
1228	147	5
1229	137	12
http://weibo.cn/gtv7777777?page=124
条数	赞	转发
1230	143	59
1231	223	12
1232	214	7
1233	64	23
1234	257	70
1235	110	13
1236	343	43
1237	158	157
1238	111	16
1239	81	32
http://weibo.cn/gtv7777777?page=125
条数	赞	转发
1240	99	14
1241	44	6
1242	33	9
1243	47	213
1244	19	33
1245	27	2
1246	18	20
1247	23	26
1248	36	7
1249	169	75
http://weibo.cn/gtv7777777?page=126
条数	赞	转发
1250	23	2
1251	34	13
1252	22	5
1253	16	103
1254	9	10
1255	12	3
1256	19	30
1257	16	5
1258	6	2
1259	13	14
http://weibo.cn/gtv7777777?page=127
条数	赞	转发
1260	10	12
1261	6	6
1262	20	15
1263	3	1
1264	3	0
1265	2	0
1266	1	0
1267	2	3
1268	22	32
1269	3	1
http://weibo.cn/gtv7777777?page=128
条数	赞	转发
1270	5	4
1271	11	0
1272	5	0
1273	2	0
1274	3	3
1275	1	50
1276	6	5
1277	5	4
1278	1	14
1279	5	7
http://weibo.cn/gtv7777777?page=129
条数	赞	转发
1280	6	4
1281	4	1
1282	1	0
1283	2	0
1284	5	5
1285	3	5
1286	1	1
1287	5	22
1288	5	20
1289	3	4
http://weibo.cn/gtv7777777?page=130
条数	赞	转发
1290	4	8
1291	1	4
1292	0	5
1293	3	1
1294	2	8
1295	0	25
1296	1	3
1297	2	26
1298	4	31
1299	2	16
http://weibo.cn/gtv7777777?page=131
条数	赞	转发
1300	0	1
1301	2	1
1302	5	3
1303	2	6
1304	1	2
1305	1	1
1306	1	3
1307	3	1
