http://weibo.cn/xiaopapi?page=1
条数	赞	转发
1	17719	323
2	238941	51981
3	284267	53980
4	488411	18696
5	350626	140297
6	201308	36551
7	64582	10825
8	66584	27802
9	681916	384873
10	280054	1988
http://weibo.cn/xiaopapi?page=2
条数	赞	转发
11	328364	149798
12	320841	55668
13	277779	132055
14	378093	103157
15	141033	40860
16	50042	1234
17	143041	678
18	264686	78297
19	263307	51602
20	204406	5720
http://weibo.cn/xiaopapi?page=3
条数	赞	转发
21	141620	6026
22	467963	312208
23	261648	1927
24	352400	248280
25	17933	1458
26	130101	21532
27	125935	21278
28	252417	110770
29	182988	66796
30	131539	40176
http://weibo.cn/xiaopapi?page=4
条数	赞	转发
31	112897	45059
32	99886	16165
33	98892	20237
34	59342	9019
35	66299	11998
36	103634	25344
37	59258	4408
38	82311	42768
39	54327	13762
40	39919	9838
http://weibo.cn/xiaopapi?page=5
条数	赞	转发
41	73135	10893
42	60951	32104
43	43522	250
44	42228	4700
45	23148	389
46	20231	216
47	20207	134
48	8022	47
49	70416	23895
50	13849	138
http://weibo.cn/xiaopapi?page=6
条数	赞	转发
51	51309	9817
52	28928	1942
53	47014	18178
54	25508	5039
55	64870	330
56	62897	5565
57	60856	32821
58	30533	1508
59	34407	126
60	49152	8557
http://weibo.cn/xiaopapi?page=7
条数	赞	转发
61	76671	45210
62	32554	725
63	20945	1092
64	28234	2230
65	23635	1937
66	28356	83
67	45281	369
68	17478	1032
69	37942	3198
70	40837	227
http://weibo.cn/xiaopapi?page=8
条数	赞	转发
71	24426	5384
72	46314	9941
73	16408	1748
74	22748	229
75	11213	426
76	22348	1251
77	9743	315
78	17708	1165
79	19652	1540
80	68093	388
http://weibo.cn/xiaopapi?page=9
条数	赞	转发
81	18168	98
82	6154	418
83	19802	866
84	9615	31
85	10932	189
86	30494	212
87	32582	2027
88	17558	502
89	11841	4181
90	16121	2588
http://weibo.cn/xiaopapi?page=10
条数	赞	转发
91	30445	2804
92	11196	743
93	11428	1630
94	20926	2859
95	9531	87
96	19974	26983
97	4821	5403
98	8090	16
99	3572	288
http://weibo.cn/xiaopapi?page=11
条数	赞	转发
100	14872	1778
101	42864	28146
102	6320	2339
103	12070	36
104	13860	3070
105	11641	10600
106	22371	204
107	16606	719
108	12696	1046
109	6798	316
http://weibo.cn/xiaopapi?page=12
条数	赞	转发
110	4363	2927
111	9944	143
112	4589	2252
113	10369	29
114	9202	953
115	15193	2889
116	4680	709
117	5215	180
118	7149	219
119	4538	139
http://weibo.cn/xiaopapi?page=13
条数	赞	转发
120	14627	2680
121	5282	84
122	7428	4408
123	12021	1903
124	4737	171
125	7054	799
126	4921	229
127	3975	458
128	5079	183
129	7237	2855
http://weibo.cn/xiaopapi?page=14
条数	赞	转发
130	2976	207
131	24256	200
132	5070	603
133	6902	1643
134	9366	648
135	2727	141
136	3608	434
137	2924	207
138	7144	46
139	6560	701
http://weibo.cn/xiaopapi?page=15
条数	赞	转发
140	4154	11
141	4991	1431
142	1375	827
143	1315	941
144	4532	592
145	13783	112
146	10360	35
147	2393	327
148	1344	35
149	1368	47
http://weibo.cn/xiaopapi?page=16
条数	赞	转发
150	6407	42
151	6789	39
152	3200	15
153	3138	36
154	4039	22
155	3143	5
156	4837	29
157	3725	43
158	2469	50
159	3674	23
http://weibo.cn/xiaopapi?page=17
条数	赞	转发
160	3334	20
161	2046	16
162	1639	13
163	6569	57
164	1330	7
165	3787	33
166	2804	144
167	13607	270
168	692	98
169	854	4
http://weibo.cn/xiaopapi?page=18
条数	赞	转发
170	3408	86
171	2599	78
172	973	391
173	8003	156
174	1411	3
175	5297	27
176	5636	50
177	1991	25
178	2899	18
179	2695	9
http://weibo.cn/xiaopapi?page=19
条数	赞	转发
180	1983	21
181	865	3
182	1612	15
183	1612	24
184	959	6
185	1017	11
186	848	423
187	2044	13
188	667	34
189	533	2
http://weibo.cn/xiaopapi?page=20
条数	赞	转发
190	1130	81
191	575	0
192	882	8
193	1011	18
194	576	1
195	694	5
196	600	3
197	404	5
198	460	1
199	315	12
http://weibo.cn/xiaopapi?page=21
条数	赞	转发
200	477	0
201	488	0
202	560	0
203	441	0
204	443	0
205	435	5
206	1608	7
207	1095	189
208	1898	11
209	1206	10
http://weibo.cn/xiaopapi?page=22
条数	赞	转发
210	32014	11219
211	841	15
212	686	25
213	704	7
214	792	6
215	1348	23
216	2175	67
217	478	0
218	1005	9
219	531	15
http://weibo.cn/xiaopapi?page=23
条数	赞	转发
220	1789	63
221	299	21
222	1447	23
223	416	25
224	1092	7
225	315	2
226	2174	23
227	883	3
228	830	3
229	1152	3
http://weibo.cn/xiaopapi?page=24
条数	赞	转发
230	1221	191
231	2779	24
232	957	9
233	1111	4
234	1504	200
235	542	4
236	1939	10
237	710	6
238	581	3
239	445	5
http://weibo.cn/xiaopapi?page=25
条数	赞	转发
240	382	4
241	310	13
242	707	48
243	1353	18
244	268	1
245	343	2
246	2276	80
247	1104	9
248	423	1
249	1125	1
http://weibo.cn/xiaopapi?page=26
条数	赞	转发
250	428	104
251	379	2
252	1061	15
253	935	1
254	477	22
255	561	597
256	423	3
257	459	5
258	341	5
259	724	13
http://weibo.cn/xiaopapi?page=27
条数	赞	转发
260	2103	332
261	316	15
262	1609	115
263	280	6
264	480	31
265	1022	137
266	1685	355
267	452	2
268	210	2
269	456	13
http://weibo.cn/xiaopapi?page=28
条数	赞	转发
270	349	14
271	316	4
272	575	19
273	346	3
274	521	7
275	489	124
276	249	20
277	415	3
278	242	3
279	226	49
http://weibo.cn/xiaopapi?page=29
条数	赞	转发
280	450	3
281	337	8
282	170	6
283	288	27
284	206	3
285	341	13
286	210	4
287	1116	15
288	1229	12
289	686	752
http://weibo.cn/xiaopapi?page=30
条数	赞	转发
290	203	19
291	432	110
292	2927	84
293	179	0
294	196	4
295	298	2
296	642	20
297	225	3
298	116	0
299	154	1
http://weibo.cn/xiaopapi?page=31
条数	赞	转发
300	311	5
301	290	249
302	136	3
303	170	8
304	330	3
305	283	8
306	254	1
307	599	21
308	277	25
309	256	5
http://weibo.cn/xiaopapi?page=32
条数	赞	转发
310	123	1
311	184	4
312	555	9
313	296	3
314	577	10
315	153	17
316	431	8
317	88	4
318	250	38
319	501	5
http://weibo.cn/xiaopapi?page=33
条数	赞	转发
320	155	4
321	311	30
322	178	4
323	460	7
324	493	6
325	196	22
326	581	8
327	86	8
328	172	4
329	266	115
http://weibo.cn/xiaopapi?page=34
条数	赞	转发
330	549	18
331	119	2
332	242	3
333	197	41
334	127	16
335	129	25
336	401	5
337	195	5
338	541	13
339	204	2
http://weibo.cn/xiaopapi?page=35
条数	赞	转发
340	152	0
341	365	7
342	223	1
343	426	1
344	286	5
345	383	35
346	161	7
347	131	9
348	145	3
349	137	0
http://weibo.cn/xiaopapi?page=36
条数	赞	转发
350	154	1
351	100	13
352	192	19
353	227	1
354	318	9
355	150	6
356	96	1
357	118	1
358	103	1
359	128	8
http://weibo.cn/xiaopapi?page=37
条数	赞	转发
360	144	8
361	195	3
362	201	6
363	162	3
364	101	0
365	176	0
366	224	3
367	237	14
368	319	1
369	115	3
http://weibo.cn/xiaopapi?page=38
条数	赞	转发
370	430	4
371	225	0
372	591	7
373	227	11
374	195	13
375	382	2
376	626	6
377	132	0
378	167	44
379	318	2
http://weibo.cn/xiaopapi?page=39
条数	赞	转发
380	313	2
381	470	1
382	1375	54
383	219	5
384	383	5
385	257	17
386	384	74
387	393	4
388	204	34
389	302	0
http://weibo.cn/xiaopapi?page=40
条数	赞	转发
390	215	0
391	236	1
392	365	30
393	300	5
394	515	45
395	582	108
396	476	88
397	314	4
398	242	1
399	253	1
http://weibo.cn/xiaopapi?page=41
条数	赞	转发
400	567	16
401	400	4
402	349	4
403	316	3
404	501	12
405	698	10
406	601	6
407	657	11
408	509	6
409	511	65
http://weibo.cn/xiaopapi?page=42
条数	赞	转发
410	344	1
411	567	12
412	828	77
413	715	12
414	906	41
415	642	24
416	1018	95
417	438	12
418	471	3
419	3685	240
